Model: xgboost
Samples: 49280
MSE: 0.003130
RMSE: 0.055950
MAE: 0.034410
IC: 0.064403
DailyIC: 0.064590
ICIR: 0.955128
DirAcc: 0.526928
