Model: xgboost
Samples: 121734
MSE: 0.002533
RMSE: 0.050332
MAE: 0.033513
IC: 0.068796
DailyIC: 0.068849
ICIR: 0.596766
DirAcc: 0.523195
