Model: linear
Samples: 49280
MSE: 0.003078
RMSE: 0.055484
MAE: 0.033965
IC: 0.026636
DailyIC: 0.028117
ICIR: 0.431288
DirAcc: 0.522484
