Model: xgboost
Samples: 221277
MSE: 0.003094
RMSE: 0.055625
MAE: 0.035842
IC: 0.083666
DailyIC: 0.080367
ICIR: 0.708749
DirAcc: 0.527063
