Model: linear
Samples: 221277
MSE: 0.003101
RMSE: 0.055684
MAE: 0.035866
IC: 0.041401
DailyIC: 0.036258
ICIR: 0.386549
DirAcc: 0.509628
