Model: linear
Samples: 221277
MSE: 0.003101
RMSE: 0.055684
MAE: 0.035866
IC: 0.041393
DailyIC: 0.036254
ICIR: 0.386526
DirAcc: 0.509597
