Model: linear
Samples: 121734
MSE: 0.002522
RMSE: 0.050220
MAE: 0.033424
IC: 0.024923
DailyIC: 0.022489
ICIR: 0.219233
DirAcc: 0.509163
