Model: lstm
Samples: 49280
MSE: 0.004373
RMSE: 0.066130
MAE: 0.039369
IC: 0.018120
DailyIC: 0.021130
ICIR: 0.326720
DirAcc: 0.556230
