Model: lstm
Samples: 121734
MSE: 0.003179
RMSE: 0.056383
MAE: 0.036748
IC: 0.051921
DailyIC: 0.048764
ICIR: 0.452531
DirAcc: 0.523893
