Model: lstm
Samples: 221277
MSE: 0.003650
RMSE: 0.060412
MAE: 0.037686
IC: 0.034412
DailyIC: 0.032305
ICIR: 0.387372
DirAcc: 0.535026
